01  20  0718  147  164  193  187  173  199  180  186  131  162  69    1   50   97   46   91   41   89   78   20   
02  20  0740  139  107  150  140  136  167  195  198  109  125  31   48   13   76   43   32   22   95   21   83   
03  20  0760  143  180  103  179  104  187  73   78   56   10   43   72   97   29   46   13   84   94   60   45   
04  20  2396  187  175  137  125  144  103  165  196  131  150  25   89   47    5   49   26   66   94   44   72   
05  20  3180  139  131  135  116  180  184  195  57   64   95   63   44   54   48   29   66   16   91    3   11   
06  08  0519  153  188  130  180  113  25   87   84   
07  08  1670  110  155  161  131  121  108  10   75   
08  08  4459  197  187  89   23   10   72   73   44   
09  05  3140  110  175  182  56   31   
10  05  2756  173  103  196  187  59   
11  05  0584  140  108  94   80   37   
12  05  0455  102  104  161  58   94   
13  05  0454  109  158  64   45   73 
14  05  1824  130  185  46   61    7   
15  08  0029  167  197  102  177  11   30   22   29   
16  08  0520  122  126  187  138  75   24   27   19   
17  08  0080  113  162  190  115  24   78   32   31   
18  08  0076  167  111  75   77   58   21    1   72   
19  08  0205  143  187  126  15   37   64   76   94   
20  20  1207  139  149  128  148  155  175  198  64   26   10   93    9   75   16   72   44   77   55    6   80   
